names = list()
times = list()
keys = list()

names.append("HeadPitch")
times.append([1, 2.33333, 3.4])
keys.append([[-0.01078, [3, -0.333333, 0], [3, 0.444444, 0]], [-0.01078, [3, -0.444444, 0], [3, 0.355556, 0]], [-0.112024, [3, -0.355556, 0], [3, 0, 0]]])

names.append("HeadYaw")
times.append([1, 2.33333, 3.4])
keys.append([[0.010696, [3, -0.333333, 0], [3, 0.444444, 0]], [0.010696, [3, -0.444444, 0], [3, 0.355556, 0]], [0.338973, [3, -0.355556, 0], [3, 0, 0]]])

names.append("LAnklePitch")
times.append([1.2])
keys.append([[-0.359129, [3, -0.4, 0], [3, 0, 0]]])

names.append("LAnkleRoll")
times.append([1.2])
keys.append([[-0.0797476, [3, -0.4, 0], [3, 0, 0]]])

names.append("LElbowRoll")
times.append([1, 1.66667, 2.33333, 2.86667, 3.4])
keys.append([[-1.56617, [3, -0.333333, 0], [3, 0.222222, 0]], [-0.658043, [3, -0.222222, 0], [3, 0.222222, 0]], [-1.56617, [3, -0.222222, 0], [3, 0.177778, 0]], [-0.658043, [3, -0.177778, -0.210158], [3, 0.177778, 0.210158]], [-0.305225, [3, -0.177778, 0], [3, 0, 0]]])

names.append("LElbowYaw")
times.append([1, 1.66667, 2.33333, 2.86667, 3.4])
keys.append([[-0.624379, [3, -0.333333, 0], [3, 0.222222, 0]], [-1.26866, [3, -0.222222, 0], [3, 0.222222, 0]], [-0.624379, [3, -0.222222, 0], [3, 0.177778, 0]], [-1.26866, [3, -0.177778, 0.242373], [3, 0.177778, -0.242373]], [-2.07862, [3, -0.177778, 0], [3, 0, 0]]])

names.append("LHand")
times.append([1, 1.66667, 2.33333, 2.86667, 3.4])
keys.append([[0.917114, [3, -0.333333, 0], [3, 0.222222, 0]], [1, [3, -0.222222, 0], [3, 0.222222, 0]], [0.917114, [3, -0.222222, 0], [3, 0.177778, 0]], [1, [3, -0.177778, 0], [3, 0.177778, 0]], [0.997478, [3, -0.177778, 0], [3, 0, 0]]])

names.append("LHipPitch")
times.append([1.2])
keys.append([[-0.27941, [3, -0.4, 0], [3, 0, 0]]])

names.append("LHipRoll")
times.append([1.2])
keys.append([[0.168548, [3, -0.4, 0], [3, 0, 0]]])

names.append("LHipYawPitch")
times.append([1.2])
keys.append([[-0.170318, [3, -0.4, 0], [3, 0, 0]]])

names.append("LKneePitch")
times.append([1.2])
keys.append([[0.680776, [3, -0.4, 0], [3, 0, 0]]])

names.append("LShoulderPitch")
times.append([1, 1.66667, 2.33333, 2.86667, 3.4])
keys.append([[0.496974, [3, -0.333333, 0], [3, 0.222222, 0]], [0.225456, [3, -0.222222, 0], [3, 0.222222, 0]], [0.496974, [3, -0.222222, 0], [3, 0.177778, 0]], [0.225456, [3, -0.177778, 0], [3, 0.177778, 0]], [0.4034, [3, -0.177778, 0], [3, 0, 0]]])

names.append("LShoulderRoll")
times.append([1, 1.66667, 2.33333, 2.86667, 3.4])
keys.append([[0, [3, -0.333333, 0], [3, 0.222222, 0]], [0.05058, [3, -0.222222, 0], [3, 0.222222, 0]], [0, [3, -0.222222, 0], [3, 0.177778, 0]], [0.05058, [3, -0.177778, -0.05058], [3, 0.177778, 0.05058]], [0.77923, [3, -0.177778, 0], [3, 0, 0]]])

names.append("LWristYaw")
times.append([1, 1.66667, 2.33333, 2.86667, 3.4])
keys.append([[-1.00941, [3, -0.333333, 0], [3, 0.222222, 0]], [-1.00941, [3, -0.222222, 0], [3, 0.222222, 0]], [-1.00941, [3, -0.222222, 0], [3, 0.177778, 0]], [-1.00941, [3, -0.177778, 0], [3, 0.177778, 0]], [-1.01095, [3, -0.177778, 0], [3, 0, 0]]])

names.append("RAnklePitch")
times.append([1.2])
keys.append([[-0.184108, [3, -0.4, 0], [3, 0, 0]]])

names.append("RAnkleRoll")
times.append([1.2])
keys.append([[0.0675357, [3, -0.4, 0], [3, 0, 0]]])

names.append("RElbowRoll")
times.append([1, 1.66667, 2.33333, 2.86667, 3.4])
keys.append([[0.504728, [3, -0.333333, 0], [3, 0.222222, 0]], [0.431096, [3, -0.222222, 0], [3, 0.222222, 0]], [0.504728, [3, -0.222222, 0], [3, 0.177778, 0]], [0.431096, [3, -0.177778, 0], [3, 0.177778, 0]], [0.596768, [3, -0.177778, 0], [3, 0, 0]]])

names.append("RElbowYaw")
times.append([1, 1.66667, 2.33333, 2.86667, 3.4])
keys.append([[0.42641, [3, -0.333333, 0], [3, 0.222222, 0]], [0.41107, [3, -0.222222, 0], [3, 0.222222, 0]], [0.42641, [3, -0.222222, 0], [3, 0.177778, 0]], [0.41107, [3, -0.177778, 0.0153397], [3, 0.177778, -0.0153397]], [0.196309, [3, -0.177778, 0], [3, 0, 0]]])

names.append("RHand")
times.append([1, 2.33333, 3.4])
keys.append([[0.630909, [3, -0.333333, 0], [3, 0.444444, 0]], [0.630909, [3, -0.444444, 0], [3, 0.355556, 0]], [0.572727, [3, -0.355556, 0], [3, 0, 0]]])

names.append("RHipPitch")
times.append([1.2])
keys.append([[-0.336004, [3, -0.4, 0], [3, 0, 0]]])

names.append("RHipRoll")
times.append([1.2])
keys.append([[0.0015544, [3, -0.4, 0], [3, 0, 0]]])

names.append("RKneePitch")
times.append([1.2])
keys.append([[0.556428, [3, -0.4, 0], [3, 0, 0]]])

names.append("RShoulderPitch")
times.append([1, 1.66667, 2.33333, 2.86667, 3.4])
keys.append([[1.14441, [3, -0.333333, 0], [3, 0.222222, 0]], [1.10912, [3, -0.222222, 0], [3, 0.222222, 0]], [1.14441, [3, -0.222222, 0], [3, 0.177778, 0]], [1.10912, [3, -0.177778, 0], [3, 0.177778, 0]], [1.27173, [3, -0.177778, 0], [3, 0, 0]]])

names.append("RShoulderRoll")
times.append([1, 1.66667, 2.33333, 2.86667, 3.4])
keys.append([[-0.271559, [3, -0.333333, 0], [3, 0.222222, 0]], [-0.253151, [3, -0.222222, 0], [3, 0.222222, 0]], [-0.271559, [3, -0.222222, 0], [3, 0.177778, 0]], [-0.253151, [3, -0.177778, 0], [3, 0.177778, 0]], [-0.579894, [3, -0.177778, 0], [3, 0, 0]]])

names.append("RWristYaw")
times.append([1, 2.33333, 3.4])
keys.append([[0.958708, [3, -0.333333, 0], [3, 0.444444, 0]], [0.958708, [3, -0.444444, 0], [3, 0.355556, 0]], [0.944902, [3, -0.355556, 0], [3, 0, 0]]])
