names = list()
times = list()
keys = list()

names.append("LAnklePitch")
times.append([0.933333, 3])
keys.append([[-0.121359, [3, -0.311111, 0], [3, 0.688889, 0]], [-0.409751, [3, -0.688889, 0], [3, 0, 0]]])

names.append("LAnkleRoll")
times.append([0.933333, 3])
keys.append([[0.0153604, [3, -0.311111, 0], [3, 0.688889, 0]], [-0.116564, [3, -0.688889, 0], [3, 0, 0]]])

names.append("LElbowRoll")
times.append([0.933333, 3, 4.53333])
keys.append([[-0.306757, [3, -0.311111, 0], [3, 0.688889, 0]], [-1.30539, [3, -0.688889, 0], [3, 0.511111, 0]], [-0.306757, [3, -0.511111, 0], [3, 0, 0]]])

names.append("LElbowYaw")
times.append([0.933333, 3, 4.53333])
keys.append([[-0.12583, [3, -0.311111, 0], [3, 0.688889, 0]], [0.469363, [3, -0.688889, 0], [3, 0.511111, 0]], [-0.12583, [3, -0.511111, 0], [3, 0, 0]]])

names.append("LHand")
times.append([0.933333, 3, 4.53333])
keys.append([[0.924024, [3, -0.311111, 0], [3, 0.688889, 0]], [0.924024, [3, -0.688889, 0], [3, 0.511111, 0]], [0.924024, [3, -0.511111, 0], [3, 0, 0]]])

names.append("LHipPitch")
times.append([0.933333, 3])
keys.append([[0.0749446, [3, -0.311111, 0], [3, 0.688889, 0]], [-0.761086, [3, -0.688889, 0], [3, 0, 0]]])

names.append("LHipRoll")
times.append([0.933333, 3])
keys.append([[-0.0477461, [3, -0.311111, 0], [3, 0.688889, 0]], [0.028954, [3, -0.688889, 0], [3, 0, 0]]])

names.append("LHipYawPitch")
times.append([0.933333, 3])
keys.append([[0.0291025, [3, -0.311111, 0], [3, 0.688889, 0]], [-0.319116, [3, -0.688889, 0], [3, 0, 0]]])

names.append("LKneePitch")
times.append([0.933333, 3])
keys.append([[0.0855841, [3, -0.311111, 0], [3, 0.688889, 0]], [1.0474, [3, -0.688889, 0], [3, 0, 0]]])

names.append("LShoulderPitch")
times.append([0.933333, 3, 4.53333])
keys.append([[2.0417, [3, -0.311111, 0], [3, 0.688889, 0]], [2.06319, [3, -0.688889, 0], [3, 0.511111, 0]], [2.0417, [3, -0.511111, 0], [3, 0, 0]]])

names.append("LShoulderRoll")
times.append([0.933333, 3, 4.53333])
keys.append([[0.417205, [3, -0.311111, 0], [3, 0.688889, 0]], [0.246933, [3, -0.688889, 0], [3, 0.511111, 0]], [0.417205, [3, -0.511111, 0], [3, 0, 0]]])

names.append("LWristYaw")
times.append([0.933333, 3, 4.53333])
keys.append([[-0.998676, [3, -0.311111, 0], [3, 0.688889, 0]], [-1.01708, [3, -0.688889, 0], [3, 0.511111, 0]], [-0.998676, [3, -0.511111, 0], [3, 0, 0]]])

names.append("RAnklePitch")
times.append([0.933333, 3])
keys.append([[-0.102805, [3, -0.311111, 0], [3, 0.688889, 0]], [-0.543063, [3, -0.688889, 0], [3, 0, 0]]])

names.append("RAnkleRoll")
times.append([0.933333, 3])
keys.append([[-0.00456227, [3, -0.311111, 0], [3, 0.688889, 0]], [0.135032, [3, -0.688889, 0], [3, 0, 0]]])

names.append("RElbowRoll")
times.append([0.933333, 3, 4.53333])
keys.append([[0.435699, [3, -0.311111, 0], [3, 0.688889, 0]], [1.27786, [3, -0.688889, 0], [3, 0.511111, 0]], [0.435699, [3, -0.511111, 0], [3, 0, 0]]])

names.append("RElbowYaw")
times.append([0.933333, 3, 4.53333])
keys.append([[0.222388, [3, -0.311111, 0], [3, 0.688889, 0]], [0.374254, [3, -0.688889, 0], [3, 0.511111, 0]], [0.222388, [3, -0.511111, 0], [3, 0, 0]]])

names.append("RHand")
times.append([0.933333, 3, 4.53333])
keys.append([[0.917842, [3, -0.311111, 0], [3, 0.688889, 0]], [0.469091, [3, -0.688889, 0], [3, 0.511111, 0]], [0.917842, [3, -0.511111, 0], [3, 0, 0]]])

names.append("RHipPitch")
times.append([0.933333, 3])
keys.append([[0.041361, [3, -0.311111, 0], [3, 0.688889, 0]], [-0.65354, [3, -0.688889, 0], [3, 0, 0]]])

names.append("RHipRoll")
times.append([0.933333, 3])
keys.append([[0.0168944, [3, -0.311111, 0], [3, 0.688889, 0]], [-0.0444656, [3, -0.688889, 0], [3, 0, 0]]])

names.append("RKneePitch")
times.append([0.933333, 3])
keys.append([[0.103898, [3, -0.311111, 0], [3, 0.688889, 0]], [1.03657, [3, -0.688889, 0], [3, 0, 0]]])

names.append("RShoulderPitch")
times.append([0.933333, 3, 4.53333])
keys.append([[1.06617, [3, -0.311111, 0], [3, 0.688889, 0]], [0.943452, [3, -0.688889, 0], [3, 0.511111, 0]], [1.06617, [3, -0.511111, 0], [3, 0, 0]]])

names.append("RShoulderRoll")
times.append([0.933333, 3, 4.53333])
keys.append([[-0.398883, [3, -0.311111, 0], [3, 0.688889, 0]], [-0.0429939, [3, -0.688889, 0], [3, 0.511111, 0]], [-0.398883, [3, -0.511111, 0], [3, 0, 0]]])

names.append("RWristYaw")
times.append([0.933333, 3, 4.53333])
keys.append([[0.949504, [3, -0.311111, 0], [3, 0.688889, 0]], [0.964844, [3, -0.688889, 0], [3, 0.511111, 0]], [0.949504, [3, -0.511111, 0], [3, 0, 0]]])

self.tts.say("Thank you! Thank you!")
